T1 1,2,3,4,5,6,7,8,9,10,11,12,13,14,15,16,17,18,19,20,21 1 500000 100000
T2 1,2,3,4,5,6,7,8,9,10,11,12,13,14,15,16,17,18,19,20,21 1 500000 100000
T3 1,2,3,4,5,6,7,8,9,10,11,12,13,14,15,16,17,18,19,20,21 1 500000 100000
T4 1,2,3,4,5,6,7,8,9,10,11,12,13,14,15,16,17,18,19,20,21 1 500000 100000
T5 1,2,3,4,5,6,7,8,9,10,11,12,13,14,15,16,17,18,19,20,21 1 500000 100000
T6 1,2,3,4,5,6,7,8,9,10,11,12,13,14,15,16,17,18,19,20,21 1 500000 100000
T7 1,2,3,4,5,6,7,8,9,10,11,12,13,14,15,16,17,18,19,20,21 1 500000 100000
T8 1,2,3,4,5,6,7,8,9,10,11,12,13,14,15,16,17,18,19,20,21 1 500000 100000
T9 1,2,3,4,5,6,7,8,9,10,11,12,13,14,15,16,17,18,19,20,21 1 500000 100000
T10 1,2,3,4,5,6,7,8,9,10,11,12,13,14,15,16,17,18,19,20,21 1 500000 100000
T11 1,2,3,4,5,6,7,8,9,10,11,12,13,14,15,16,17,18,19,20,21 1 500000 100000
T12 1,2,3,4,5,6,7,8,9,10,11,12,13,14,15,16,17,18,19,20,21 1 500000 100000
T13 1,2,3,4,5,6,7,8,9,10,11,12,13,14,15,16,17,18,19,20,21 1 500000 100000
T14 1,2,3,4,5,6,7,8,9,10,11,12,13,14,15,16,17,18,19,20,21 1 500000 100000
T15 1,2,3,4,5,6,7,8,9,10,11,12,13,14,15,16,17,18,19,20,21 1 500000 100000
T16 1,2,3,4,5,6,7,8,9,10,11,12,13,14,15,16,17,18,19,20,21 1 500000 100000
T17 1,2,3,4,5,6,7,8,9,10,11,12,13,14,15,16,17,18,19,20,21 1 500000 100000
T18 1,2,3,4,5,6,7,8,9,10,11,12,13,14,15,16,17,18,19,20,21 1 500000 100000
T19 1,2,3,4,5,6,7,8,9,10,11,12,13,14,15,16,17,18,19,20,21 1 500000 100000
T20 1,2,3,4,5,6,7,8,9,10,11,12,13,14,15,16,17,18,19,20,21 1 500000 100000
T21 1,2,3,4,5,6,7,8,9,10,11,12,13,14,15,16,17,18,19,20,21 2 500000 100000
T22 1,2,3,4,5,6,7,8,9,10,11,12,13,14,15,16,17,18,19,20,21 2 500000 100000
T23 1,2,3,4,5,6,7,8,9,10,11,12,13,14,15,16,17,18,19,20,21 2 500000 100000
T24 1,2,3,4,5,6,7,8,9,10,11,12,13,14,15,16,17,18,19,20,21 2 500000 100000
T25 1,2,3,4,5,6,7,8,9,10,11,12,13,14,15,16,17,18,19,20,21 2 500000 100000
T26 1,2,3,4,5,6,7,8,9,10,11,12,13,14,15,16,17,18,19,20,21 2 500000 100000
T27 1,2,3,4,5,6,7,8,9,10,11,12,13,14,15,16,17,18,19,20,21 2 500000 100000
T28 1,2,3,4,5,6,7,8,9,10,11,12,13,14,15,16,17,18,19,20,21 2 500000 100000
T29 1,2,3,4,5,6,7,8,9,10,11,12,13,14,15,16,17,18,19,20,21 2 500000 100000
T30 1,2,3,4,5,6,7,8,9,10,11,12,13,14,15,16,17,18,19,20,21 2 500000 100000
T31 1,2,3,4,5,6,7,8,9,10,11,12,13,14,15,16,17,18,19,20,21 2 500000 100000
T32 1,2,3,4,5,6,7,8,9,10,11,12,13,14,15,16,17,18,19,20,21 2 500000 100000
T33 1,2,3,4,5,6,7,8,9,10,11,12,13,14,15,16,17,18,19,20,21 2 500000 100000
T34 1,2,3,4,5,6,7,8,9,10,11,12,13,14,15,16,17,18,19,20,21 2 500000 100000
T35 1,2,3,4,5,6,7,8,9,10,11,12,13,14,15,16,17,18,19,20,21 2 500000 100000
T36 1,2,3,4,5,6,7,8,9,10,11,12,13,14,15,16,17,18,19,20,21 2 500000 100000
T37 1,2,3,4,5,6,7,8,9,10,11,12,13,14,15,16,17,18,19,20,21 2 500000 100000
T38 1,2,3,4,5,6,7,8,9,10,11,12,13,14,15,16,17,18,19,20,21 2 500000 100000
T39 1,2,3,4,5,6,7,8,9,10,11,12,13,14,15,16,17,18,19,20,21 2 500000 100000
T40 1,2,3,4,5,6,7,8,9,10,11,12,13,14,15,16,17,18,19,20,21 2 500000 100000
T41 1,2,3,4,5,6,7,8,9,10,11,12,13,14,15,16,17,18,19,20,21 3 500000 100000
T42 1,2,3,4,5,6,7,8,9,10,11,12,13,14,15,16,17,18,19,20,21 3 500000 100000
T43 1,2,3,4,5,6,7,8,9,10,11,12,13,14,15,16,17,18,19,20,21 3 500000 100000
T44 1,2,3,4,5,6,7,8,9,10,11,12,13,14,15,16,17,18,19,20,21 3 500000 100000
T45 1,2,3,4,5,6,7,8,9,10,11,12,13,14,15,16,17,18,19,20,21 3 500000 100000
T46 1,2,3,4,5,6,7,8,9,10,11,12,13,14,15,16,17,18,19,20,21 3 500000 100000
T47 1,2,3,4,5,6,7,8,9,10,11,12,13,14,15,16,17,18,19,20,21 3 500000 100000
T48 1,2,3,4,5,6,7,8,9,10,11,12,13,14,15,16,17,18,19,20,21 3 500000 100000
T49 1,2,3,4,5,6,7,8,9,10,11,12,13,14,15,16,17,18,19,20,21 3 500000 100000
T50 1,2,3,4,5,6,7,8,9,10,11,12,13,14,15,16,17,18,19,20,21 3 500000 100000
T51 1,2,3,4,5,6,7,8,9,10,11,12,13,14,15,16,17,18,19,20,21 3 500000 100000
T52 1,2,3,4,5,6,7,8,9,10,11,12,13,14,15,16,17,18,19,20,21 3 500000 100000
T53 1,2,3,4,5,6,7,8,9,10,11,12,13,14,15,16,17,18,19,20,21 3 500000 100000
T54 1,2,3,4,5,6,7,8,9,10,11,12,13,14,15,16,17,18,19,20,21 3 500000 100000
T55 1,2,3,4,5,6,7,8,9,10,11,12,13,14,15,16,17,18,19,20,21 3 500000 100000
T56 1,2,3,4,5,6,7,8,9,10,11,12,13,14,15,16,17,18,19,20,21 3 500000 100000
T57 1,2,3,4,5,6,7,8,9,10,11,12,13,14,15,16,17,18,19,20,21 3 500000 100000
T58 1,2,3,4,5,6,7,8,9,10,11,12,13,14,15,16,17,18,19,20,21 3 500000 100000
T59 1,2,3,4,5,6,7,8,9,10,11,12,13,14,15,16,17,18,19,20,21 3 500000 100000
T60 1,2,3,4,5,6,7,8,9,10,11,12,13,14,15,16,17,18,19,20,21 3 500000 100000
T61 1,2,3,4,5,6,7,8,9,10,11,12,13,14,15,16,17,18,19,20,21 4 500000 100000
T62 1,2,3,4,5,6,7,8,9,10,11,12,13,14,15,16,17,18,19,20,21 4 500000 100000
T63 1,2,3,4,5,6,7,8,9,10,11,12,13,14,15,16,17,18,19,20,21 4 500000 100000
T64 1,2,3,4,5,6,7,8,9,10,11,12,13,14,15,16,17,18,19,20,21 4 500000 100000
T65 1,2,3,4,5,6,7,8,9,10,11,12,13,14,15,16,17,18,19,20,21 4 500000 100000
T66 1,2,3,4,5,6,7,8,9,10,11,12,13,14,15,16,17,18,19,20,21 4 500000 100000
T67 1,2,3,4,5,6,7,8,9,10,11,12,13,14,15,16,17,18,19,20,21 4 500000 100000
T68 1,2,3,4,5,6,7,8,9,10,11,12,13,14,15,16,17,18,19,20,21 4 500000 100000
T69 1,2,3,4,5,6,7,8,9,10,11,12,13,14,15,16,17,18,19,20,21 4 500000 100000
T70 1,2,3,4,5,6,7,8,9,10,11,12,13,14,15,16,17,18,19,20,21 4 500000 100000
T71 1,2,3,4,5,6,7,8,9,10,11,12,13,14,15,16,17,18,19,20,21 4 500000 100000
T72 1,2,3,4,5,6,7,8,9,10,11,12,13,14,15,16,17,18,19,20,21 4 500000 100000
T73 1,2,3,4,5,6,7,8,9,10,11,12,13,14,15,16,17,18,19,20,21 4 500000 100000
T74 1,2,3,4,5,6,7,8,9,10,11,12,13,14,15,16,17,18,19,20,21 4 500000 100000
T75 1,2,3,4,5,6,7,8,9,10,11,12,13,14,15,16,17,18,19,20,21 4 500000 100000
T76 1,2,3,4,5,6,7,8,9,10,11,12,13,14,15,16,17,18,19,20,21 4 500000 100000
T77 1,2,3,4,5,6,7,8,9,10,11,12,13,14,15,16,17,18,19,20,21 4 500000 100000
T78 1,2,3,4,5,6,7,8,9,10,11,12,13,14,15,16,17,18,19,20,21 4 500000 100000
T79 1,2,3,4,5,6,7,8,9,10,11,12,13,14,15,16,17,18,19,20,21 4 500000 100000
T80 1,2,3,4,5,6,7,8,9,10,11,12,13,14,15,16,17,18,19,20,21 4 500000 100000
T81 1,2,3,4,5,6,7,8,9,10,11,12,13,14,15,16,17,18,19,20,21 5 500000 100000
T82 1,2,3,4,5,6,7,8,9,10,11,12,13,14,15,16,17,18,19,20,21 5 500000 100000
T83 1,2,3,4,5,6,7,8,9,10,11,12,13,14,15,16,17,18,19,20,21 5 500000 100000
T84 1,2,3,4,5,6,7,8,9,10,11,12,13,14,15,16,17,18,19,20,21 5 500000 100000
T85 1,2,3,4,5,6,7,8,9,10,11,12,13,14,15,16,17,18,19,20,21 5 500000 100000
T86 1,2,3,4,5,6,7,8,9,10,11,12,13,14,15,16,17,18,19,20,21 5 500000 100000
T87 1,2,3,4,5,6,7,8,9,10,11,12,13,14,15,16,17,18,19,20,21 5 500000 100000
T88 1,2,3,4,5,6,7,8,9,10,11,12,13,14,15,16,17,18,19,20,21 5 500000 100000
T89 1,2,3,4,5,6,7,8,9,10,11,12,13,14,15,16,17,18,19,20,21 5 500000 100000
T90 1,2,3,4,5,6,7,8,9,10,11,12,13,14,15,16,17,18,19,20,21 5 500000 100000
T91 1,2,3,4,5,6,7,8,9,10,11,12,13,14,15,16,17,18,19,20,21 5 500000 100000
T92 1,2,3,4,5,6,7,8,9,10,11,12,13,14,15,16,17,18,19,20,21 5 500000 100000
T93 1,2,3,4,5,6,7,8,9,10,11,12,13,14,15,16,17,18,19,20,21 5 500000 100000
T94 1,2,3,4,5,6,7,8,9,10,11,12,13,14,15,16,17,18,19,20,21 5 500000 100000
T95 1,2,3,4,5,6,7,8,9,10,11,12,13,14,15,16,17,18,19,20,21 5 500000 100000
T96 1,2,3,4,5,6,7,8,9,10,11,12,13,14,15,16,17,18,19,20,21 5 500000 100000
T97 1,2,3,4,5,6,7,8,9,10,11,12,13,14,15,16,17,18,19,20,21 5 500000 100000
T98 1,2,3,4,5,6,7,8,9,10,11,12,13,14,15,16,17,18,19,20,21 5 500000 100000
T99 1,2,3,4,5,6,7,8,9,10,11,12,13,14,15,16,17,18,19,20,21 5 500000 100000
T100 1,2,3,4,5,6,7,8,9,10,11,12,13,14,15,16,17,18,19,20,21 5 500000 100000
T101 1,2,3,4,5,6,7,8,9,10,11,12,13,14,15,16,17,18,19,20,21 6 500000 100000
T102 1,2,3,4,5,6,7,8,9,10,11,12,13,14,15,16,17,18,19,20,21 6 500000 100000
T103 1,2,3,4,5,6,7,8,9,10,11,12,13,14,15,16,17,18,19,20,21 6 500000 100000
T104 1,2,3,4,5,6,7,8,9,10,11,12,13,14,15,16,17,18,19,20,21 6 500000 100000
T105 1,2,3,4,5,6,7,8,9,10,11,12,13,14,15,16,17,18,19,20,21 6 500000 100000
T106 1,2,3,4,5,6,7,8,9,10,11,12,13,14,15,16,17,18,19,20,21 6 500000 100000
T107 1,2,3,4,5,6,7,8,9,10,11,12,13,14,15,16,17,18,19,20,21 6 500000 100000
T108 1,2,3,4,5,6,7,8,9,10,11,12,13,14,15,16,17,18,19,20,21 6 500000 100000
T109 1,2,3,4,5,6,7,8,9,10,11,12,13,14,15,16,17,18,19,20,21 6 500000 100000
T110 1,2,3,4,5,6,7,8,9,10,11,12,13,14,15,16,17,18,19,20,21 6 500000 100000
T111 1,2,3,4,5,6,7,8,9,10,11,12,13,14,15,16,17,18,19,20,21 6 500000 100000
T112 1,2,3,4,5,6,7,8,9,10,11,12,13,14,15,16,17,18,19,20,21 6 500000 100000
T113 1,2,3,4,5,6,7,8,9,10,11,12,13,14,15,16,17,18,19,20,21 6 500000 100000
T114 1,2,3,4,5,6,7,8,9,10,11,12,13,14,15,16,17,18,19,20,21 6 500000 100000
T115 1,2,3,4,5,6,7,8,9,10,11,12,13,14,15,16,17,18,19,20,21 6 500000 100000
T116 1,2,3,4,5,6,7,8,9,10,11,12,13,14,15,16,17,18,19,20,21 6 500000 100000
T117 1,2,3,4,5,6,7,8,9,10,11,12,13,14,15,16,17,18,19,20,21 6 500000 100000
T118 1,2,3,4,5,6,7,8,9,10,11,12,13,14,15,16,17,18,19,20,21 6 500000 100000
T119 1,2,3,4,5,6,7,8,9,10,11,12,13,14,15,16,17,18,19,20,21 6 500000 100000
T120 1,2,3,4,5,6,7,8,9,10,11,12,13,14,15,16,17,18,19,20,21 6 500000 100000
T121 1,2,3,4,5,6,7,8,9,10,11,12,13,14,15,16,17,18,19,20,21 7 500000 100000
T122 1,2,3,4,5,6,7,8,9,10,11,12,13,14,15,16,17,18,19,20,21 7 500000 100000
T123 1,2,3,4,5,6,7,8,9,10,11,12,13,14,15,16,17,18,19,20,21 7 500000 100000
T124 1,2,3,4,5,6,7,8,9,10,11,12,13,14,15,16,17,18,19,20,21 7 500000 100000
T125 1,2,3,4,5,6,7,8,9,10,11,12,13,14,15,16,17,18,19,20,21 7 500000 100000
T126 1,2,3,4,5,6,7,8,9,10,11,12,13,14,15,16,17,18,19,20,21 7 500000 100000
T127 1,2,3,4,5,6,7,8,9,10,11,12,13,14,15,16,17,18,19,20,21 7 500000 100000
T128 1,2,3,4,5,6,7,8,9,10,11,12,13,14,15,16,17,18,19,20,21 7 500000 100000
T129 1,2,3,4,5,6,7,8,9,10,11,12,13,14,15,16,17,18,19,20,21 7 500000 100000
T130 1,2,3,4,5,6,7,8,9,10,11,12,13,14,15,16,17,18,19,20,21 7 500000 100000
T131 1,2,3,4,5,6,7,8,9,10,11,12,13,14,15,16,17,18,19,20,21 7 500000 100000
T132 1,2,3,4,5,6,7,8,9,10,11,12,13,14,15,16,17,18,19,20,21 7 500000 100000
T133 1,2,3,4,5,6,7,8,9,10,11,12,13,14,15,16,17,18,19,20,21 7 500000 100000
T134 1,2,3,4,5,6,7,8,9,10,11,12,13,14,15,16,17,18,19,20,21 7 500000 100000
T135 1,2,3,4,5,6,7,8,9,10,11,12,13,14,15,16,17,18,19,20,21 7 500000 100000
T136 1,2,3,4,5,6,7,8,9,10,11,12,13,14,15,16,17,18,19,20,21 7 500000 100000
T137 1,2,3,4,5,6,7,8,9,10,11,12,13,14,15,16,17,18,19,20,21 7 500000 100000
T138 1,2,3,4,5,6,7,8,9,10,11,12,13,14,15,16,17,18,19,20,21 7 500000 100000
T139 1,2,3,4,5,6,7,8,9,10,11,12,13,14,15,16,17,18,19,20,21 7 500000 100000
T140 1,2,3,4,5,6,7,8,9,10,11,12,13,14,15,16,17,18,19,20,21 7 500000 100000
